3226
3392
3549
3693
3822
3932
4022
4091
4144
4185
4216
4238
4251
4257
4256
4253
4249
4244
4239
4234
4230
4228
4227
4228
4227
4224
4219
4216
4214
4215
4217
4219
4222
4224
4226
4226
4225
4223
4221
4220
4219
4217
4215
4212
4209
4206
4204
4203
4204
4206
4210
4216
4222
4228
4231
4232
4230
4226
4222
4218
4213
4208
4204
4203
4203
4204
4204
4204
4203
4203
4202
4200
4196
4191
4187
4186
4187
4190
4194
4198
4205
4213
4223
4233
4246
4261
4278
4297
4317
4338
4362
4390
4419
4450
4479
4506
4529
4548
4562
4573
4579
4580
4575
4566
4553
4536
4515
4489
4459
4427
4395
4365
4337
4312
4289
4269
4251
4237
4224
4214
4206
4201
4199
4201
4206
4212
4217
4222
4225
4225
4225
4226
4229
4234
4237
4240
4240
4240
4239
4238
4238
4239
4242
4244
4247
4248
4250
4251
4252
4252
4250
4245
4240
4234
4231
4229
4227
4223
4219
4216
4214
4215
4216
4218
4221
4224
4225
4223
4218
4212
4206
4202
4201
4204
4211
4218
4224
4226
4226
4226
4229
4235
4246
4262
4283
4307
4337
4375
4427
4495
4587
4703
4849
5024
5230
5466
5731
6024
6344
6689
7056
7439
7830
8220
8598
8953
9273
9547
9763
9911
9984
9978
9892
9731
9502
9215
8880
8511
8117
7711
7302
6902
6519
6160
5831
5535
5277
5055
4868
4711
4584
4480
4399
4336
4289
4255
4232
4216
4204
4196
4189
4184
4179
4176
4173
4170
4167
4164
4161
4157
4153
4148
4146
4146
4148
4149
4149
4147
4145
4143
4141
4139
4137
4137
4138
4141
4145
4148
4149
4148
4146
4144
4143
4143
